13,5,1100,1200
13,3,1100,1200
13,5,1000,1100
13,5,1400,1500
7,1,1400,1500
7,3,1400,1500
7,4,1300,1400
7,3,900,1000
22,4,1000,1100
22,3,1400,1500
22,3,1100,1200
22,3,1300,1400
20,3,900,1000
20,5,1400,1500
20,5,1100,1200
20,1,900,1000
16,3,1000,1100
16,5,1000,1100
16,5,900,1000
16,1,1300,1400
3,2,1000,1100
3,4,1000,1100
3,2,900,1000
3,4,1200,1300
0,5,1300,1400
0,4,1000,1100
0,1,1400,1500
0,3,1400,1500
15,5,1100,1200
15,1,1300,1400
15,3,1200,1300
15,5,1200,1300
1,5,1400,1500
1,1,1400,1500
1,3,1000,1100
1,3,1200,1300
12,4,1300,1400
12,2,1400,1500
12,2,1300,1400
12,4,1400,1500
2,1,1100,1200
2,1,1200,1300
2,2,1200,1300
2,4,1200,1300
19,4,1400,1500
19,1,1300,1400
19,2,1100,1200
19,2,1300,1400
6,2,900,1000
6,4,900,1000
6,5,900,1000
6,2,1400,1500
17,3,1000,1100
17,1,1000,1100
17,4,900,1000
17,2,1000,1100
4,2,1400,1500
4,5,1200,1300
4,4,1300,1400
4,4,1100,1200
18,4,1400,1500
18,1,1000,1100
18,2,900,1000
18,4,900,1000
23,1,1100,1200
23,2,1200,1300
23,3,1300,1400
23,5,1200,1300
14,3,1200,1300
14,5,1200,1300
14,4,1100,1200
14,2,1100,1200
10,2,1200,1300
10,1,1000,1100
10,3,1300,1400
10,5,1300,1400
5,2,1300,1400
5,1,900,1000
5,4,1400,1500
5,5,900,1000
21,4,1100,1200
21,2,1100,1200
21,1,900,1000
21,4,1200,1300
8,5,1100,1200
8,5,1000,1100
8,5,1300,1400
8,3,900,1000
11,1,1100,1200
11,3,1200,1300
11,1,1200,1300
11,3,1100,1200
9,4,900,1000
9,2,1000,1100
9,1,1200,1300
9,2,900,1000
